-49.4358 35.9684 391.837
-50.0185 57.0146 396.239
-48.125 78.7851 400.98
-44.5003 100.698 403.994
-37.8788 121.485 401.272
-26.9045 139.39 395.328
-13.1702 152.933 386.918
4.68695 161.049 375.152
24.8361 162.335 369.772
45.3254 160.609 374.399
64.1104 152.282 384.574
80.2945 138.662 393.432
90.4667 120.354 395.522
94.7848 99.1261 392.456
96.3975 77.7983 387.927
96.8965 56.9392 382.966
96.6836 36.6307 380.821
-33.8997 18.7224 357.561
-25.5238 10.698 351.039
-14.2069 8.0882 344.305
-2.60036 9.8702 339.056
7.89306 13.8085 336.983
33.4366 13.3968 335.749
45.2094 8.99462 338.922
56.9957 7.65174 343.645
68.1465 10.0136 348.032
76.5806 17.0646 353.127
21.1094 31.8448 337.789
20.8675 42.2391 332.181
20.6634 52.1884 326.436
20.3706 62.2734 320.706
9.59555 78.3352 340.597
15.7697 79.8272 338.353
21.815 80.996 336.326
28.3416 79.6037 337.049
34.5026 77.8286 339.111
-20.5728 37.3258 355.453
-13.4485 32.1386 350.472
-4.16458 32.1136 348.731
3.53064 37.176 348.984
-4.29103 40.2317 349.852
-13.4987 40.6801 351.677
39.9623 36.6788 349.27
47.4244 31.3798 348.095
56.7024 31.575 349.012
64.264 36.1431 353.295
57.5196 39.5052 349.862
48.4232 39.4652 348.868
-0.371041 112.656 353.781
8.14972 102.664 340.836
16.1476 98.1788 337.51
22.3099 99.8734 337.248
28.6766 98.1614 337.433
37.913 102.766 342.888
47.213 111.226 353.57
38.3485 114.89 344.041
29.6429 115.664 339.693
22.6201 115.999 338.63
16.1757 115.81 339.411
8.09791 115.031 343.097
4.03519 111.55 350.161
16.3555 106.521 340.63
22.5372 106.605 339.881
29.2303 106.224 340.68
42.3829 110.572 350.214
28.8056 106.36 339.188
22.2066 106.767 338.235
16.059 106.417 338.921
